0 0.183048 0.401064 0.081197 0.059574
0 0.322650 0.391489 0.106838 0.076596
0 0.388889 0.288830 0.102564 0.077660
0 0.457265 0.476064 0.091168 0.067021
0 0.565527 0.353723 0.076923 0.058511
0 0.697293 0.351596 0.098291 0.075532
0 0.823362 0.348404 0.076923 0.058511
0 0.308405 0.571277 0.095442 0.072340
0 0.500000 0.564894 0.076923 0.057447
0 0.403134 0.602660 0.096866 0.071277
0 0.650285 0.572340 0.089744 0.068085
0 0.823362 0.461702 0.091168 0.065957
0 0.279202 0.741489 0.102564 0.072340
0 0.641738 0.723936 0.101140 0.073404
0 0.555556 0.492021 0.088319 0.064894
