0 0.131915 0.380978 0.099291 0.066950
0 0.297872 0.370351 0.127660 0.090329
0 0.380851 0.249203 0.120567 0.090329
0 0.588652 0.328905 0.090780 0.071201
0 0.456028 0.473433 0.109220 0.079702
0 0.745390 0.327843 0.120567 0.090329
0 0.275177 0.584485 0.119149 0.087141
0 0.390071 0.622742 0.113475 0.087141
0 0.502128 0.581828 0.090780 0.066950
0 0.681560 0.590329 0.106383 0.079702
0 0.895035 0.326780 0.093617 0.071201
0 0.889362 0.461743 0.107801 0.079702
0 0.238298 0.786397 0.119149 0.087141
0 0.668794 0.770457 0.117730 0.089267
0 0.573050 0.496281 0.104965 0.078640
