0 0.399291 0.222281 0.114894 0.088486
0 0.149645 0.340085 0.092199 0.068230
0 0.310638 0.337953 0.119149 0.091684
0 0.273050 0.548507 0.112057 0.082090
0 0.456738 0.447761 0.102128 0.078891
0 0.220567 0.743070 0.114894 0.085288
0 0.382270 0.590085 0.112057 0.084222
0 0.495745 0.553305 0.086525 0.066098
0 0.568085 0.472281 0.103546 0.078891
0 0.668085 0.569829 0.104965 0.079957
0 0.641135 0.745736 0.113475 0.086354
0 0.597163 0.310768 0.087943 0.069296
0 0.746809 0.315032 0.114894 0.088486
0 0.879433 0.453092 0.104965 0.078891
0 0.892199 0.321962 0.093617 0.068230
