0 0.123802 0.535638 0.073482 0.096809
0 0.175319 0.670745 0.056709 0.073404
0 0.333866 0.538298 0.073482 0.091489
0 0.408147 0.364362 0.073482 0.096809
0 0.451677 0.262766 0.056709 0.074468
0 0.498802 0.176596 0.071086 0.100000
0 0.680112 0.159574 0.053514 0.074468
0 0.700479 0.108511 0.071885 0.097872
0 0.735224 0.159043 0.069489 0.103191
0 0.490815 0.415957 0.064696 0.093617
0 0.569888 0.543085 0.059904 0.079787
0 0.531150 0.404255 0.068690 0.093617
0 0.583866 0.793617 0.054313 0.072340
0 0.611022 0.759043 0.065495 0.088298
