0 0.208633 0.533084 0.068745 0.086446
0 0.261791 0.654749 0.053557 0.071505
0 0.416067 0.534685 0.066347 0.078975
0 0.472422 0.352188 0.067146 0.087513
0 0.508393 0.255069 0.052758 0.074707
0 0.549960 0.171825 0.063949 0.091782
0 0.709832 0.149413 0.052758 0.064034
0 0.606715 0.319637 0.065548 0.088581
0 0.633893 0.300427 0.067146 0.092850
0 0.550360 0.393276 0.064748 0.086446
0 0.626299 0.504803 0.056755 0.076841
0 0.672262 0.699573 0.059153 0.082177
0 0.648681 0.735859 0.051958 0.069370
0 0.724221 0.101387 0.062350 0.087513
