0 0.620511 0.256959 0.050279 0.064240
0 0.592977 0.230728 0.054270 0.069593
0 0.634876 0.207173 0.063049 0.088865
0 0.470870 0.29870 0.059058 0.085653
0 0.430168 0.379550 0.046289 0.061028
0 0.331205 0.661670 0.068635 0.089936
0 0.547885 0.616167 0.058260 0.07808
0 0.430168 0.503747 0.068635 0.091006
0 0.395451 0.486617 0.063049 0.093148
0 0.472067 0.503212 0.059856 0.085653
0 0.520750 0.432013 0.061453 0.086724
0 0.550678 0.416488 0.060654 0.085653
0 0.575020 0.854390 0.050279 0.068522
0 0.599761 0.813169 0.056664 0.084582