0 0.400958 0.170394 0.070288 0.095847
0 0.502796 0.117678 0.055112 0.077742
0 0.368211 0.345048 0.055911 0.074547
0 0.119010 0.574547 0.078275 0.096912
0 0.228435 0.630990 0.075080 0.096912
0 0.357827 0.661874 0.076677 0.090522
0 0.522764 0.562300 0.067891 0.09087
0 0.486821 0.814164 0.055112 0.073482
0 0.550319 0.669862 0.062300 0.083067
0 0.658147 0.564430 0.067093 0.09087
0 0.534345 0.453142 0.059105 0.077742
0 0.511981 0.233759 0.071885 0.094782
0 0.586262 0.178381 0.054313 0.077742
0 0.627396 0.385517 0.069489 0.09087