0 0.711554 0.415515 0.071713 0.095643
0 0.645020 0.408608 0.062948 0.083953
0 0.501594 0.454304 0.069323 0.090329
0 0.545418 0.536132 0.069323 0.092455
0 0.447012 0.422423 0.054183 0.073326
0 0.421912 0.347503 0.072510 0.091392
0 0.352988 0.506376 0.071713 0.090329
0 0.364940 0.530287 0.068526 0.091392
0 0.343426 0.602550 0.057371 0.072264
0 0.409163 0.603082 0.069323 0.094580
0 0.437849 0.682253 0.070916 0.093518
0 0.433068 0.901169 0.066135 0.089267
0 0.544622 0.860255 0.056574 0.073326
0 0.610757 0.776833 0.054980 0.074389
