0 0.186603 0.348404 0.057416 0.077660
0 0.235646 0.432447 0.059809 0.079787
0 0.266746 0.522872 0.077352 0.098936
0 0.296651 0.631383 0.07800 0.105319
0 0.213317 0.726064 0.075758 0.098936
0 0.456938 0.132447 0.059011 0.077660
0 0.468102 0.268617 0.073365 0.103191
0 0.417065 0.322872 0.059011 0.079787
0 0.438995 0.407979 0.056619 0.077660
0 0.536284 0.345213 0.075758 0.098936
0 0.492823 0.551064 0.074960 0.097872
0 0.616029 0.70096 0.074163 0.101064
0 0.641946 0.798936 0.066986 0.091489
0 0.720494 0.398936 0.074163 0.100000
0 0.591308 0.292021 0.066188 0.088298