0 0.447368 0.575000 0.070175 0.086170
0 0.384769 0.439894 0.072568 0.096809
0 0.358453 0.385638 0.069378 0.094681
0 0.452552 0.470213 0.066188 0.082979
0 0.368022 0.571277 0.093301 0.114894
0 0.348086 0.518085 0.090112 0.112766
0 0.449761 0.530851 0.079745 0.119149
0 0.443381 0.677128 0.082935 0.109574
0 0.490829 0.277128 0.069378 0.090426
0 0.492823 0.380319 0.086124 0.10957
0 0.504386 0.529255 0.088517 0.113830
0 0.527113 0.591489 0.089314 0.117021
0 0.554625 0.473404 0.088517 0.112766
0 0.528309 0.446277 0.090112 0.120213