0 0.118022 0.292332 0.079745 0.105431
0 0.354067 0.338658 0.060606 0.083067
0 0.330542 0.421193 0.062998 0.082002
0 0.402313 0.389776 0.061404 0.078807
0 0.425439 0.262513 0.077352 0.103301
0 0.343301 0.506390 0.077352 0.096912
0 0.195774 0.793397 0.080542 0.106496
0 0.324163 0.653355 0.080542 0.105431
0 0.428628 0.667732 0.058214 0.083067
0 0.417464 0.563365 0.075758 0.102236
0 0.515152 0.634718 0.068581 0.093717
0 0.409091 0.470181 0.068581 0.088392
0 0.509171 0.499468 0.075758 0.100106
0 0.614035 0.458999 0.076555 0.100106
0 0.758772 0.570288 0.061404 0.082002
