0 0.662550 0.441427 0.078884 0.103301
0 0.454582 0.286475 0.067729 0.09087
0 0.330677 0.318956 0.060558 0.079872
0 0.274900 0.466454 0.063745 0.083067
0 0.237849 0.610224 0.061355 0.078807
0 0.332669 0.600106 0.077291 0.103301
0 0.322311 0.711928 0.077291 0.101171
0 0.41054 0.482961 0.077291 0.103301
0 0.434263 0.599042 0.060558 0.079872
0 0.531474 0.533014 0.060558 0.077742
0 0.498805 0.733227 0.079681 0.105431
0 0.651394 0.72012 0.070916 0.096912
0 0.551394 0.649627 0.074900 0.104366
0 0.576494 0.371672 0.078884 0.100106
0 0.601992 0.239084 0.078884 0.105431