0 0.605347 0.725772 0.069433 0.094782
0 0.496010 0.741747 0.077414 0.109691
0 0.556265 0.642173 0.076616 0.100106
0 0.535914 0.535676 0.075818 0.100106
0 0.469673 0.60909 0.058260 0.076677
0 0.441341 0.636848 0.057462 0.078807
0 0.322825 0.70655 0.074222 0.095847
0 0.396648 0.627263 0.073424 0.102236
0 0.243017 0.610756 0.061453 0.075612
0 0.280926 0.473908 0.062251 0.076677
0 0.337989 0.331736 0.059856 0.082002
0 0.507582 0.304579 0.067039 0.089457
0 0.604948 0.262513 0.076616 0.103301
0 0.412211 0.502662 0.074222 0.102236
0 0.474860 0.514909 0.073424 0.099042