0 0.515588 0.719681 0.060751 0.081915
0 0.371303 0.589362 0.059952 0.080851
0 0.426859 0.583511 0.067146 0.096809
0 0.468425 0.607447 0.055955 0.080851
0 0.506795 0.589894 0.060751 0.079787
0 0.389289 0.493617 0.071942 0.102128
0 0.421263 0.476596 0.068745 0.097872
0 0.454836 0.467553 0.067146 0.101064
0 0.496803 0.467021 0.067946 0.100000
0 0.546763 0.480319 0.073541 0.101064
0 0.526379 0.360638 0.074341 0.100000
0 0.573141 0.431383 0.054357 0.086170
0 0.604317 0.428723 0.075140 0.102128
0 0.675859 0.453723 0.075939 0.101064
