0 0.374601 0.208955 0.073482 0.113006
0 0.398163 0.375800 0.095048 0.124733
0 0.422524 0.423241 0.089457 0.110874
0 0.414137 0.610874 0.082268 0.108742
0 0.430911 0.472814 0.071086 0.092751
0 0.432508 0.506930 0.083866 0.105544
0 0.473642 0.487740 0.065495 0.094883
0 0.491214 0.407249 0.091054 0.102345
0 0.509585 0.487207 0.078275 0.104478
0 0.506390 0.552772 0.075080 0.092751
0 0.541933 0.502132 0.067891 0.095949
0 0.499601 0.596482 0.090256 0.116205
0 0.457668 0.272388 0.091054 0.124733
0 0.546725 0.311301 0.088658 0.123667
0 0.623802 0.377932 0.089457 0.118337
