0 0.186353 0.334931 0.071030 0.090522
0 0.167598 0.428647 0.068635 0.092652
0 0.401437 0.471246 0.086193 0.116081
0 0.486034 0.243876 0.068635 0.093717
0 0.509976 0.394569 0.086193 0.118211
0 0.559457 0.637913 0.081405 0.108626
0 0.507981 0.739084 0.075818 0.102236
0 0.663208 0.660809 0.073424 0.096912
0 0.631285 0.529819 0.065443 0.090522
0 0.596169 0.420660 0.084597 0.112886
0 0.564645 0.291800 0.083799 0.117146
0 0.647646 0.326411 0.083799 0.116081
0 0.719473 0.383919 0.085395 0.120341
0 0.721468 0.165602 0.068635 0.099042