0 0.279729 0.477588 0.064645 0.084312
0 0.351955 0.478655 0.063847 0.082177
0 0.441341 0.370331 0.063847 0.083244
0 0.428970 0.509605 0.077414 0.105656
0 0.419393 0.706510 0.072626 0.096051
0 0.693136 0.237460 0.061453 0.09070
0 0.53024 0.551227 0.076616 0.105656
0 0.540702 0.345784 0.079010 0.108858
0 0.570630 0.760406 0.078212 0.105656
0 0.628492 0.658485 0.069433 0.093917
0 0.620511 0.384739 0.079010 0.105656
0 0.688348 0.433831 0.079010 0.107791
0 0.678372 0.531483 0.059058 0.083244
0 0.60323 0.502134 0.076616 0.105656
0 0.654429 0.482924 0.079808 0.107791