0 0.268555 0.542246 0.058260 0.077005
0 0.406225 0.55560 0.071828 0.093048
0 0.408220 0.742781 0.064645 0.090909
0 0.501995 0.585027 0.071828 0.098396
0 0.413009 0.428342 0.058260 0.075936
0 0.548683 0.774866 0.069433 0.097326
0 0.596169 0.673797 0.060654 0.085561
0 0.634078 0.554545 0.053472 0.073797
0 0.502793 0.400000 0.068635 0.091979
0 0.573424 0.532620 0.066241 0.096257
0 0.629290 0.293048 0.056664 0.077005
0 0.574222 0.427273 0.069433 0.093048
0 0.636472 0.465241 0.067837 0.091979
0 0.609737 0.516578 0.071828 0.098396