0 0.114708 0.142628 0.056755 0.073718
0 0.475620 0.253205 0.068745 0.09604
0 0.527178 0.360043 0.067946 0.091880
0 0.375699 0.416132 0.055955 0.07081
0 0.350120 0.506410 0.054357 0.070513
0 0.344524 0.581731 0.055955 0.075855
0 0.276579 0.766026 0.060751 0.081197
0 0.507194 0.63500 0.072742 0.092949
0 0.567946 0.449786 0.067946 0.091880
0 0.577938 0.601496 0.068745 0.089744
0 0.55704 0.698184 0.062350 0.082265
0 0.569944 0.818910 0.068745 0.090812
0 0.656675 0.653846 0.069544 0.09604
0 0.665468 0.76000 0.067946 0.088675