0 0.413339 0.248116 0.067891 0.093649
0 0.463259 0.356835 0.065495 0.091496
0 0.501198 0.449946 0.066294 0.090420
0 0.501997 0.601184 0.06002 0.082885
0 0.486821 0.689989 0.063099 0.086114
0 0.582668 0.646394 0.066294 0.091496
0 0.588658 0.749193 0.063898 0.088267
0 0.495607 0.805705 0.067891 0.091496
0 0.412939 0.629171 0.067093 0.089343
0 0.355032 0.537137 0.053514 0.079656
0 0.28050 0.570506 0.051917 0.073197
0 0.287141 0.497309 0.053514 0.068891
0 0.316693 0.411195 0.047125 0.068891
0 0.395767 0.420883 0.045527 0.060280