0 0.253185 0.406217 0.055732 0.072883
0 0.238057 0.493569 0.057325 0.073955
0 0.235669 0.569668 0.057325 0.073955
0 0.359475 0.234191 0.070860 0.093248
0 0.40605 0.343516 0.068471 0.093248
0 0.349920 0.412647 0.051752 0.066452
0 0.306927 0.530547 0.054936 0.081458
0 0.372213 0.622722 0.070860 0.094319
0 0.464570 0.590568 0.062898 0.087889
0 0.450637 0.683280 0.063694 0.086817
0 0.457006 0.434084 0.066879 0.087889
0 0.548567 0.633441 0.066879 0.092176
0 0.463376 0.803859 0.071656 0.096463
0 0.557723 0.741693 0.069268 0.094319