0 0.257564 0.576841 0.059713 0.075774
0 0.250398 0.377268 0.058121 0.077908
0 0.494825 0.745998 0.069268 0.106724
0 0.549363 0.681430 0.074841 0.097118
0 0.572452 0.616329 0.058917 0.082177
0 0.476513 0.563501 0.072452 0.091782
0 0.382166 0.366596 0.055732 0.075774
0 0.435510 0.318036 0.071656 0.098186
0 0.478901 0.443970 0.064490 0.083244
0 0.467755 0.364461 0.069268 0.094984
0 0.497213 0.370864 0.069268 0.092850
0 0.462978 0.46530 0.074045 0.102455
0 0.414809 0.435966 0.052548 0.073639
0 0.419586 0.394877 0.052548 0.076841