0 0.559856 0.162407 0.071030 0.094782
0 0.271748 0.435037 0.086991 0.111821
0 0.328013 0.512247 0.071828 0.095847
0 0.549082 0.469649 0.089385 0.119276
0 0.434557 0.719382 0.072626 0.099042
0 0.430567 0.608094 0.071030 0.085197
0 0.435754 0.559638 0.078212 0.103301
0 0.409018 0.503195 0.091780 0.120341
0 0.488827 0.462194 0.082203 0.119276
0 0.591381 0.410543 0.089385 0.120341
0 0.650040 0.489350 0.071030 0.092652
0 0.572626 0.534079 0.090184 0.113951
0 0.520351 0.625666 0.087789 0.120341
0 0.620112 0.57400 0.089385 0.117146
0 0.581006 0.649627 0.083001 0.121406