0 0.511164 0.122340 0.060606 0.082979
0 0.270335 0.368085 0.074960 0.095745
0 0.314992 0.438298 0.062201 0.082979
0 0.497209 0.426064 0.078947 0.105319
0 0.652711 0.45096 0.074163 0.101064
0 0.669458 0.365957 0.058214 0.078723
0 0.677831 0.706383 0.076555 0.104255
0 0.634769 0.578191 0.074960 0.103191
0 0.445774 0.756383 0.079745 0.104255
0 0.38079 0.713830 0.062998 0.085106
0 0.265949 0.809043 0.072568 0.096809
0 0.406699 0.540957 0.057416 0.079787
0 0.380781 0.451064 0.069378 0.104255
0 0.417464 0.454787 0.070973 0.098936