0 0.599203 0.411076 0.081275 0.108626
0 0.431474 0.312034 0.064542 0.089457
0 0.300797 0.544196 0.066135 0.087327
0 0.482869 0.40403 0.084462 0.109691
0 0.537052 0.485091 0.081275 0.099042
0 0.408367 0.452609 0.054980 0.072417
0 0.402789 0.403621 0.067729 0.085197
0 0.381275 0.468584 0.077291 0.100106
0 0.339442 0.63023 0.066932 0.085197
0 0.437450 0.542066 0.082869 0.106496
0 0.523506 0.551118 0.081275 0.107561
0 0.493227 0.638978 0.082869 0.108626
0 0.465339 0.728435 0.065339 0.083067
0 0.422311 0.692226 0.081275 0.110756