0 0.368820 0.384861 0.059809 0.081023
0 0.40470 0.402985 0.060606 0.085288
0 0.368820 0.512793 0.061404 0.076759
0 0.560606 0.375800 0.074960 0.103412
0 0.638357 0.368870 0.075758 0.093817
0 0.633971 0.422175 0.076555 0.100213
0 0.639553 0.479744 0.081340 0.098081
0 0.635167 0.575693 0.077352 0.098081
0 0.557416 0.551173 0.065391 0.085288
0 0.497608 0.500000 0.066986 0.087420
0 0.222488 0.643390 0.062201 0.082090
0 0.308214 0.720682 0.061404 0.078891
0 0.420255 0.679104 0.076555 0.102345
0 0.549841 0.789979 0.077352 0.100213
0 0.691786 0.736674 0.072568 0.100213